32
32
32
32
111
110
101
32
116
119
111
32
116
104
114
101
101
32
102
111
117
114
32
102
105
118
101
32
115
105
120
32
115
101
118
101
110
32
101
105
103
104
116
32
110
105
110
101
32
116
101
110
13
10
32
32
32
32
101
108
101
118
101
110
32
116
119
101
108
118
101
32
116
104
105
114
116
101
101
110
32
102
111
117
114
116
101
101
110
32
102
105
102
116
101
101
110
32
115
105
120
116
101
101
110
13
10
32
32
32
32
115
101
118
101
110
116
101
101
110
32
101
105
103
104
116
101
101
110
32
110
105
110
101
116
101
101
110
32
116
119
101
110
116
121
46
32
69
110
111
117
103
104
32
111
102
32
116
104
101
13
10
32
32
32
32
110
117
109
98
101
114
115
32
97
108
114
101
97
100
121
44
32
119
104
97
116
32
97
98
111
117
116
58
32
49
48
49
44
32
49
48
50
44
32
49
48
51
44
32
49
48
52
44
13
10
32
32
32
32
49
48
53
44
32
49
48
54
44
32
49
48
55
44
32
49
48
56
44
32
97
110
100
32
49
48
57
63
32
80
108
117
115
32
49
49
48
44
32
49
49
49
44
32
49
49
50
44
13
10
32
32
32
32
49
49
51
44
32
49
49
52
32
97
110
100
32
97
108
108
32
111
102
32
49
49
53
32
49
49
54
32
49
49
55
32
49
49
56
32
97
110
100
32
49
49
57
46
32
84
104
101
13
10
32
32
32
32
113
117
105
99
107
32
98
114
111
119
110
32
102
111
120
32
106
117
109
112
115
32
111
118
101
114
32
116
104
101
32
108
97
122
121
32
100
111
103
46
32
84
104
101
32
113
117
105
99
107
13
10
32
32
32
32
98
114
111
119
110
32
102
111
120
32
106
117
109
112
115
32
111
118
101
114
32
116
104
101
32
108
97
122
121
32
100
111
103
46
32
84
104
101
32
113
117
105
99
107
32
98
114
111
119
110
13
10
32
32
32
32
102
111
120
32
106
117
109
112
115
32
111
118
101
114
32
116
104
101
32
108
97
122
121
32
100
111
103
46
32
84
104
101
32
113
117
105
99
107
32
98
114
111
119
110
32
102
111
120
13
10
32
32
32
32
106
117
109
112
115
32
111
118
101
114
32
116
104
101
32
108
97
122
121
32
100
111
103
46
32
84
104
101
32
113
117
105
99
107
32
98
114
111
119
110
32
102
111
120
32
106
117
109
112
115
13
10
32
32
32
32
111
118
101
114
32
116
104
101
32
108
97
122
121
32
100
111
103
46
32
84
104
101
32
113
117
105
99
107
32
98
114
111
119
110
32
102
111
120
32
106
117
109
112
115
32
111
118
101
114
13
10
32
32
32
32
116
104
101
32
108
97
122
121
32
100
111
103
46
32
84
104
101
32
113
117
105
99
107
32
98
114
111
119
110
32
102
111
120
32
106
117
109
112
115
32
111
118
101
114
32
116
104
101
13
10
32
32
32
32
108
97
122
121
32
100
111
103
46
32
84
104
101
32
113
117
105
99
107
32
98
114
111
119
110
32
102
111
120
32
106
117
109
112
115
32
111
118
101
114
32
116
104
101
32
108
97
122
121
13
10
32
32
32
32
100
111
103
46
32
84
104
101
32
113
117
105
99
107
32
98
114
111
119
110
32
102
111
120
32
106
117
109
112
115
32
111
118
101
114
32
116
104
101
32
108
97
122
121
32
100
111
103
46
13
10
32
32
32
32
84
104
101
32
113
117
105
99
107
32
98
114
111
119
110
32
102
111
120
32
106
117
109
112
115
32
111
118
101
114
32
116
104
101
32
108
97
122
121
32
100
111
103
46
32
13
10
